5  12619.1758 -91985.3542 -79366.1784    0.6232   -5.2880    0.1821  39.7
10  14619.4170 -86181.5919 -71562.1749    0.7220   -2.8265    0.1336  14.1
15  11405.1707 -82966.3254 -71561.1547    0.5633   -1.5094    0.1714  33.6
20  10825.0423 -82385.8646 -71560.8222    0.5346   -1.2219    0.1679  32.2
5  12619.1758 -91985.3542 -79366.1784    0.6232   -5.2880    0.1821  39.7
10  14619.4170 -86181.5919 -71562.1749    0.7220   -2.8265    0.1336  14.1
15  11405.1707 -82966.3254 -71561.1547    0.5633   -1.5094    0.1714  33.6
20  10825.0423 -82385.8646 -71560.8222    0.5346   -1.2219    0.1679  32.2
5  12619.1758 -91985.3542 -79366.1784    0.6232   -5.2880    0.1821  39.7
10  14619.4170 -86181.5919 -71562.1749    0.7220   -2.8265    0.1336  14.1
15  11405.1707 -82966.3254 -71561.1547    0.5633   -1.5094    0.1714  33.6
20  10825.0423 -82385.8646 -71560.8222    0.5346   -1.2219    0.1679  32.2
5  12619.1758 -91985.3542 -79366.1784    0.6232   -5.2880    0.1821  39.7
10  14619.4170 -86181.5919 -71562.1749    0.7220   -2.8265    0.1336  14.1
15  11405.1707 -82966.3254 -71561.1547    0.5633   -1.5094    0.1714  33.6
20  10825.0423 -82385.8646 -71560.8222    0.5346   -1.2219    0.1679  32.2
5  12619.1758 -91985.3542 -79366.1784    0.6232   -5.2880    0.1821  39.7
10  14619.4170 -86181.5919 -71562.1749    0.7220   -2.8265    0.1336  14.1
15  11405.1707 -82966.3254 -71561.1547    0.5633   -1.5094    0.1714  33.6
20  10825.0423 -82385.8646 -71560.8222    0.5346   -1.2219    0.1679  32.2
5  12619.1758 -91985.3542 -79366.1784    0.6232   -5.2880    0.1821  39.7
10  14619.4170 -86181.5919 -71562.1749    0.7220   -2.8265    0.1336  14.1
15  11405.1707 -82966.3254 -71561.1547    0.5633   -1.5094    0.1714  33.6
20  10825.0423 -82385.8646 -71560.8222    0.5346   -1.2219    0.1679  32.2
5  12619.1758 -91985.3542 -79366.1784    0.6232   -5.2880    0.1821  39.7
10  14619.4170 -86181.5919 -71562.1749    0.7220   -2.8265    0.1336  14.1
15  11405.1707 -82966.3254 -71561.1547    0.5633   -1.5094    0.1714  33.6
20  10825.0423 -82385.8646 -71560.8222    0.5346   -1.2219    0.1679  32.2
5  12619.1758 -91985.3542 -79366.1784    0.6232   -5.2880    0.1821  39.7
10  14619.4170 -86181.5919 -71562.1749    0.7220   -2.8265    0.1336  14.1
15  11405.1707 -82966.3254 -71561.1547    0.5633   -1.5094    0.1714  33.6
20  10825.0423 -82385.8646 -71560.8222    0.5346   -1.2219    0.1679  32.2
5  12619.1758 -91985.3542 -79366.1784    0.6232   -5.2880    0.1821  39.7
10  14619.4170 -86181.5919 -71562.1749    0.7220   -2.8265    0.1336  14.1
15  11405.1707 -82966.3254 -71561.1547    0.5633   -1.5094    0.1714  33.6
20  10825.0423 -82385.8646 -71560.8222    0.5346   -1.2219    0.1679  32.2
5  12619.1758 -91985.3542 -79366.1784    0.6232   -5.2880    0.1821  39.7
10  14619.4170 -86181.5919 -71562.1749    0.7220   -2.8265    0.1336  14.1
15  11405.1707 -82966.3254 -71561.1547    0.5633   -1.5094    0.1714  33.6
20  10825.0423 -82385.8646 -71560.8222    0.5346   -1.2219    0.1679  32.2
5  12619.1758 -91985.3542 -79366.1784    0.6232   -5.2880    0.1821  39.7
10  14619.4170 -86181.5919 -71562.1749    0.7220   -2.8265    0.1336  14.1
15  11405.1707 -82966.3254 -71561.1547    0.5633   -1.5094    0.1714  33.6
20  10825.0423 -82385.8646 -71560.8222    0.5346   -1.2219    0.1679  32.2
5  12619.1758 -91985.3542 -79366.1784    0.6232   -5.2880    0.1821  39.7
10  14619.4170 -86181.5919 -71562.1749    0.7220   -2.8265    0.1336  14.1
15  11405.1707 -82966.3254 -71561.1547    0.5633   -1.5094    0.1714  33.6
20  10825.0423 -82385.8646 -71560.8222    0.5346   -1.2219    0.1679  32.2
